TABLE NO.     1: First Order Conditional Estimation with Interaction: Problem=1 Subproblem=0 Superproblem1=0 Iteration1=0 Superproblem2=0 Iteration2=0
 NAME         THETA1       THETA2       THETA3       THETA4       THETA5       THETA6       THETA7       THETA8       SIGMA(1,1)   SIGMA(2,1)   SIGMA(2,2)   OMEGA(1,1)   OMEGA(2,1)   OMEGA(2,2)   OMEGA(3,1)   OMEGA(3,2)   OMEGA(3,3)
 THETA1        5.70500E-02  5.78845E-01  3.90760E-01 -2.15867E-01 -4.34477E-01  1.92105E-02  6.28309E-02 -1.18404E-02  6.00999E-02  0.00000E+00 -8.21289E-02  2.43903E-01  0.00000E+00  1.49655E-01  0.00000E+00  0.00000E+00 -4.25873E-03
 THETA2        5.78845E-01  2.68833E-02  5.79073E-01 -1.75270E-01 -4.05796E-01  1.67426E-01  1.32804E-01 -1.23814E-02  6.26789E-02  0.00000E+00 -3.85391E-02  1.05743E-01  0.00000E+00  1.22304E-01  0.00000E+00  0.00000E+00  9.93047E-02
 THETA3        3.90760E-01  5.79073E-01  3.01951E-02  6.64580E-02 -1.05529E-01  3.29942E-01  3.01154E-01  2.45678E-01  2.03481E-01  0.00000E+00 -1.53973E-02 -1.97077E-02  0.00000E+00 -1.24499E-02  0.00000E+00  0.00000E+00  7.49282E-02
 THETA4       -2.15867E-01 -1.75270E-01  6.64580E-02  2.00067E-02  1.57869E-01  8.46953E-02  9.43781E-02  1.01786E-01  7.80030E-02  0.00000E+00 -1.60217E-01 -5.89631E-02  0.00000E+00 -1.08631E-01  0.00000E+00  0.00000E+00 -1.23195E-02
 THETA5       -4.34477E-01 -4.05796E-01 -1.05529E-01  1.57869E-01  3.28105E-02  1.06415E-02 -8.05720E-02 -8.86326E-02  1.50434E-02  0.00000E+00  5.78788E-02 -1.29706E-01  0.00000E+00  7.20600E-03  0.00000E+00  0.00000E+00 -1.33672E-01
 THETA6        1.92105E-02  1.67426E-01  3.29942E-01  8.46953E-02  1.06415E-02  4.96645E-02 -4.04500E-02  1.20123E-01  1.41385E-01  0.00000E+00 -2.20189E-03 -2.98279E-02  0.00000E+00 -4.44472E-02  0.00000E+00  0.00000E+00  7.09294E-02
 THETA7        6.28309E-02  1.32804E-01  3.01154E-01  9.43781E-02 -8.05720E-02 -4.04500E-02  9.33096E-02 -2.00207E-01  5.57923E-02  0.00000E+00 -6.31828E-02 -5.75033E-02  0.00000E+00 -6.61437E-02  0.00000E+00  0.00000E+00  5.65714E-02
 THETA8       -1.18404E-02 -1.23814E-02  2.45678E-01  1.01786E-01 -8.86326E-02  1.20123E-01 -2.00207E-01  1.27984E-01  7.10133E-02  0.00000E+00 -6.10340E-02  5.31910E-03  0.00000E+00 -1.95961E-02  0.00000E+00  0.00000E+00 -4.08890E-02
 SIGMA(1,1)    6.00999E-02  6.26789E-02  2.03481E-01  7.80030E-02  1.50434E-02  1.41385E-01  5.57923E-02  7.10133E-02  1.25945E-03  0.00000E+00 -2.30264E-01 -2.06548E-01  0.00000E+00 -1.21654E-01  0.00000E+00  0.00000E+00  9.66318E-02
 SIGMA(2,1)    0.00000E+00  0.00000E+00  0.00000E+00  0.00000E+00  0.00000E+00  0.00000E+00  0.00000E+00  0.00000E+00  0.00000E+00  0.00000E+00  0.00000E+00  0.00000E+00  0.00000E+00  0.00000E+00  0.00000E+00  0.00000E+00  0.00000E+00
 SIGMA(2,2)   -8.21289E-02 -3.85391E-02 -1.53973E-02 -1.60217E-01  5.78788E-02 -2.20189E-03 -6.31828E-02 -6.10340E-02 -2.30264E-01  0.00000E+00  2.71148E+00 -3.06653E-02  0.00000E+00 -6.27485E-02  0.00000E+00  0.00000E+00  7.31903E-03
 OMEGA(1,1)    2.43903E-01  1.05743E-01 -1.97077E-02 -5.89631E-02 -1.29706E-01 -2.98279E-02 -5.75033E-02  5.31910E-03 -2.06548E-01  0.00000E+00 -3.06653E-02  3.98526E-02  0.00000E+00  3.37115E-01  0.00000E+00  0.00000E+00  7.15464E-02
 OMEGA(2,1)    0.00000E+00  0.00000E+00  0.00000E+00  0.00000E+00  0.00000E+00  0.00000E+00  0.00000E+00  0.00000E+00  0.00000E+00  0.00000E+00  0.00000E+00  0.00000E+00  0.00000E+00  0.00000E+00  0.00000E+00  0.00000E+00  0.00000E+00
 OMEGA(2,2)    1.49655E-01  1.22304E-01 -1.24499E-02 -1.08631E-01  7.20600E-03 -4.44472E-02 -6.61437E-02 -1.95961E-02 -1.21654E-01  0.00000E+00 -6.27485E-02  3.37115E-01  0.00000E+00  7.69102E-03  0.00000E+00  0.00000E+00  2.31763E-01
 OMEGA(3,1)    0.00000E+00  0.00000E+00  0.00000E+00  0.00000E+00  0.00000E+00  0.00000E+00  0.00000E+00  0.00000E+00  0.00000E+00  0.00000E+00  0.00000E+00  0.00000E+00  0.00000E+00  0.00000E+00  0.00000E+00  0.00000E+00  0.00000E+00
 OMEGA(3,2)    0.00000E+00  0.00000E+00  0.00000E+00  0.00000E+00  0.00000E+00  0.00000E+00  0.00000E+00  0.00000E+00  0.00000E+00  0.00000E+00  0.00000E+00  0.00000E+00  0.00000E+00  0.00000E+00  0.00000E+00  0.00000E+00  0.00000E+00
 OMEGA(3,3)   -4.25873E-03  9.93047E-02  7.49282E-02 -1.23195E-02 -1.33672E-01  7.09294E-02  5.65714E-02 -4.08890E-02  9.66318E-02  0.00000E+00  7.31903E-03  7.15464E-02  0.00000E+00  2.31763E-01  0.00000E+00  0.00000E+00  1.29169E-02
