TABLE NO.     1: First Order Conditional Estimation with Interaction: Problem=1 Subproblem=0 Superproblem1=0 Iteration1=0 Superproblem2=0 Iteration2=0
 NAME         THETA1       THETA2       THETA3       THETA4       THETA5       THETA6       THETA7       THETA8       SIGMA(1,1)   SIGMA(2,1)   SIGMA(2,2)   OMEGA(1,1)   OMEGA(2,1)   OMEGA(2,2)   OMEGA(3,1)   OMEGA(3,2)   OMEGA(3,3)
 THETA1        5.87114E+02 -3.55112E+02 -3.17586E+02  1.86436E+02  2.85461E+02  6.29209E+01  3.05375E+01  2.88545E+01 -1.71579E+03  0.00000E+00  6.83423E-01 -1.38788E+02  0.00000E+00 -3.17731E+02  0.00000E+00  0.00000E+00  3.12196E+02
 THETA2       -3.55112E+02  3.18895E+03 -1.51370E+03  3.89938E+02  6.63205E+02 -3.78131E+01  7.73329E+01  1.14237E+02  2.58733E+03  0.00000E+00  9.85165E-01  3.79489E+01  0.00000E+00 -8.33523E+02  0.00000E+00  0.00000E+00 -6.22582E+01
 THETA3       -3.17586E+02 -1.51370E+03  2.73448E+03 -3.72515E+02 -5.51461E+02 -3.17455E+02 -2.57573E+02 -1.93355E+02 -5.50932E+03  0.00000E+00 -2.29765E+00  8.03032E+01  0.00000E+00  4.93572E+02  0.00000E+00  0.00000E+00 -2.83336E+02
 THETA4        1.86436E+02  3.89938E+02 -3.72515E+02  2.91391E+03 -9.41818E+01 -5.55731E+01 -4.59941E+01 -2.33685E+01 -1.60963E+02  0.00000E+00  3.80734E+00 -5.97000E+01  0.00000E+00  5.72462E+02  0.00000E+00  0.00000E+00 -3.38822E+01
 THETA5        2.85461E+02  6.63205E+02 -5.51461E+02 -9.41818E+01  1.40586E+03  7.39649E+00  7.32082E+01  8.07776E+01 -1.55245E+03  0.00000E+00 -3.88198E-01  3.77106E+01  0.00000E+00 -9.40318E+02  0.00000E+00  0.00000E+00  5.77895E+02
 THETA6        6.29209E+01 -3.78131E+01 -3.17455E+02 -5.55731E+01  7.39649E+00  4.81838E+02  4.48044E+01  4.50758E+00 -1.35587E+03  0.00000E+00 -2.86571E-02 -1.60008E+01  0.00000E+00  1.22989E+02  0.00000E+00  0.00000E+00 -8.24570E+01
 THETA7        3.05375E+01  7.73329E+01 -2.57573E+02 -4.59941E+01  7.32082E+01  4.48044E+01  1.51452E+02  3.80464E+01  2.62440E+02  0.00000E+00  4.15960E-01  6.83498E+00  0.00000E+00  6.15515E+01  0.00000E+00  0.00000E+00 -1.81259E+01
 THETA8        2.88545E+01  1.14237E+02 -1.93355E+02 -2.33685E+01  8.07776E+01  4.50758E+00  3.80464E+01  8.08691E+01 -6.87194E+01  0.00000E+00  2.70643E-01 -7.48922E+00  0.00000E+00 -4.77355E+01  0.00000E+00  0.00000E+00  6.22390E+01
 SIGMA(1,1)   -1.71579E+03  2.58733E+03 -5.50932E+03 -1.60963E+02 -1.55245E+03 -1.35587E+03  2.62440E+02 -6.87194E+01  7.58030E+05  0.00000E+00  8.41388E+01  4.65387E+03  0.00000E+00  1.30551E+04  0.00000E+00  0.00000E+00 -9.99783E+03
 SIGMA(2,1)    0.00000E+00  0.00000E+00  0.00000E+00  0.00000E+00  0.00000E+00  0.00000E+00  0.00000E+00  0.00000E+00  0.00000E+00  0.00000E+00  0.00000E+00  0.00000E+00  0.00000E+00  0.00000E+00  0.00000E+00  0.00000E+00  0.00000E+00
 SIGMA(2,2)    6.83423E-01  9.85165E-01 -2.29765E+00  3.80734E+00 -3.88198E-01 -2.86571E-02  4.15960E-01  2.70643E-01  8.41388E+01  0.00000E+00  1.53803E-01  3.39258E-01  0.00000E+00  5.37501E+00  0.00000E+00  0.00000E+00 -1.74568E+00
 OMEGA(1,1)   -1.38788E+02  3.79489E+01  8.03032E+01 -5.97000E+01  3.77106E+01 -1.60008E+01  6.83498E+00 -7.48922E+00  4.65387E+03  0.00000E+00  3.39258E-01  7.84951E+02  0.00000E+00 -1.11856E+03  0.00000E+00  0.00000E+00 -7.76015E+01
 OMEGA(2,1)    0.00000E+00  0.00000E+00  0.00000E+00  0.00000E+00  0.00000E+00  0.00000E+00  0.00000E+00  0.00000E+00  0.00000E+00  0.00000E+00  0.00000E+00  0.00000E+00  0.00000E+00  0.00000E+00  0.00000E+00  0.00000E+00  0.00000E+00
 OMEGA(2,2)   -3.17731E+02 -8.33523E+02  4.93572E+02  5.72462E+02 -9.40318E+02  1.22989E+02  6.15515E+01 -4.77355E+01  1.30551E+04  0.00000E+00  5.37501E+00 -1.11856E+03  0.00000E+00  2.14585E+04  0.00000E+00  0.00000E+00 -3.15210E+03
 OMEGA(3,1)    0.00000E+00  0.00000E+00  0.00000E+00  0.00000E+00  0.00000E+00  0.00000E+00  0.00000E+00  0.00000E+00  0.00000E+00  0.00000E+00  0.00000E+00  0.00000E+00  0.00000E+00  0.00000E+00  0.00000E+00  0.00000E+00  0.00000E+00
 OMEGA(3,2)    0.00000E+00  0.00000E+00  0.00000E+00  0.00000E+00  0.00000E+00  0.00000E+00  0.00000E+00  0.00000E+00  0.00000E+00  0.00000E+00  0.00000E+00  0.00000E+00  0.00000E+00  0.00000E+00  0.00000E+00  0.00000E+00  0.00000E+00
 OMEGA(3,3)    3.12196E+02 -6.22582E+01 -2.83336E+02 -3.38822E+01  5.77895E+02 -8.24570E+01 -1.81259E+01  6.22390E+01 -9.99783E+03  0.00000E+00 -1.74568E+00 -7.76015E+01  0.00000E+00 -3.15210E+03  0.00000E+00  0.00000E+00  6.86157E+03
